((("Dashlike" .
   [0 0 0 1 0 0 0 0])
  ("area" .
   [3 1 0 0])
  ("area_url" .
   [0 0 0 0 1 0 0 0])
  ("area_wise" .
   [1 0 0 2 0 0 0 0 0])
  ("append_dict" .
   [0 0 0 4 0 0 0 0 0 0 0])
  ("main_content" .
   [0 0 0 0 1 0 0 0 0 0 0 0])
  ("mod" .
   [1 0 0])
  ("name" .
   [1 0 0 0])
  ("oForm" .
   [0 0 0 1 0])
  ("sanitizeHTML" .
   [0 0 0 0 1 0 0 0 0 0 0 0])
  ("/////////////////////////////////////////bin/cp" .
   [0 0 0 0 0 0 0 0 0 0 0 0 0 0 0 0 0 0 0 0 0 0 0 0 0 0 0 0 0 0 0 0 0 0 0 0 0 0 0 0 0 0 0 0 0 1 0])
  ("/////////////////////////////////////////bin/" .
   [0 0 0 0 0 0 0 0 0 0 0 0 0 0 0 0 0 0 0 0 0 0 0 0 0 0 0 0 0 0 0 0 0 0 0 0 0 0 0 0 0 1 0 0 0])
  ("CPT" .
   [0 0 2])
  ("///////////////////////////////bin/cp" .
   [0 0 0 0 0 0 0 0 0 0 0 0 0 0 0 0 0 0 0 0 0 0 0 0 0 0 0 0 0 0 0 0 0 0 0 1 0])
  ("///////////////////////////////bin/" .
   [0 0 0 0 0 0 0 0 0 0 0 0 0 0 0 0 0 0 0 0 0 0 0 0 0 0 0 0 0 0 0 1 0 0 0])
  ("function" .
   [0 0 0 1 0 0 0 0])
  ("className" .
   [0 0 0 0 0 1 0 0 0])
  ("form_obj" .
   [0 0 0 0 0 1 0 0])
  ("length" .
   [0 0 0 0 1 0])
  ("result" .
   [0 0 0 2 1 0])
  ("e" .
   [1])
  ("t" .
   [1])
  ("exclusions" .
   [0 0 0 0 1 0 0 0 0 0])
  ("concat" .
   [0 0 0 0 0 1])
  ("set_trace" .
   [0 0 0 0 1 0 0 1 0])
  ("10" .
   [1 0])
  ("pass" .
   [1 0 0 0])
  ("if" .
   [4 0])
  ("browser" .
   [0 0 0 1 0 0 0])
  ("self" .
   [0 0 0 1])
  ("S" .
   [1])
  ("Set" .
   [0 0 1])
  ("def" .
   [1 0 0])
  ("find_element_by_id" .
   [1 0 0 0 0 0 0 0 0 0 0 0 0 0 0 0 0 0])
  ("asd" .
   [2 0 0])
  ("latest_document" .
   [0 0 0 0 1 1 0 0 0 0 0 0 0 0 0])
  ("formname" .
   [3 0 0 0 0 0 0 0])
  ("frmObj" .
   [1 0 0 0 1 0])
  ("log" .
   [4 0 0])
  ("get" .
   [1 0 0])
  ("as" .
   [1 0])
  ("request" .
   [1 0 0 0 0 0 0])
  ("REQUEST" .
   [0 0 0 0 0 0 1])
  ("for" .
   [3 0 0])
  ("first" .
   [3 0 0 0 0])
  ("last" .
   [1 0 0 0])
  ("console" .
   [0 0 0 3 0 0 1])
  ("lastday" .
   [0 0 0 1 0 0 0])
  ("firstday" .
   [0 0 0 2 0 0 0 0])
  ("curr" .
   [3 0 0 0])
  ("var" .
   [9 0 0])
  ("arrDates" .
   [0 0 0 1 0 0 0 0])
  ("num_generator" .
   [0 0 0 1 0 0 0 0 0 0 0 0 0])
  ("pprint" .
   [2 0 9 1 0 0])
  ("import" .
   [8 0 0 0 2 0])
  ("print" .
   [14 0 0 0 0])
  ("TypeError" .
   [1 0 0 0 0 0 0 0 0])
  ("setuptools" .
   [0 0 1 0 0 0 0 0 0 0])
  ("from" .
   [0 0 1 0])
  ("True" .
   [0 0 9 0])
  ("pdb" .
   [10 0 0])
  ("return" .
   [4 0 0 1 0 0])
  ("retun" .
   [0 0 0 0 1])
  ("frmName" .
   [0 0 0 0 0 1 0])
  ("frmname" .
   [0 0 0 1 0 0 0])
  ("iCurPage" .
   [0 0 0 1 0 0 0 0])
  ("member" .
   [1 0 0 0 0 0])
  ("value" .
   [2 0 1 0 0])
  ("this" .
   [7 0 0 0])
  ("removeHTMLTags" .
   [0 0 0 0 0 0 0 0 1 0 0 0 0 0])
  ("suburl" .
   [1 0 0 0 0 0])
  ("oBut" .
   [1 0 0 0])
  ("false" .
   [1 0 0 0 0])))
